Full Almanac Listing for 16/5/1996 4:42:0 (ZT=+0.0 hrs)
Position: 35' 50.90 N 138' 22.56 W
GHA Aries: 304.68'
---------------------------------------------------------------------------------------
No	Name		SHA 	 GHA 	 LHA 	 DEC 	 S Alt 	 C Alt 	 T Bear.
---------------------------------------------------------------------------------------
1	Alpheratz	358.0 	 302.6 	 164.3 	 +29.1 	 -23.5 	 -23.4 	 345.0
2	Ankaa		353.5 	 298.2 	 159.8 	 -42.3 	 -73.1 	 -73.1 	 241.4
3	Schedar		349.9 	 294.6 	 156.2 	 +56.5 	  +4.7 	  +4.5 	 347.1
4	Diphda		349.2 	 293.8 	 155.5 	 -18.0 	 -61.9 	 -61.9 	 302.9
5	Achernar	335.6 	 280.3 	 141.9 	 -57.3 	 -56.9 	 -56.9 	 217.7
6	Hamal		328.3 	 272.9 	 134.6 	 +23.4 	 -16.8 	 -16.8 	 316.9
7	Acamar		315.5 	 260.2 	 121.8 	 -40.3 	 -44.8 	 -44.8 	 245.9
8	Menkar		314.5 	 259.2 	 120.8 	  +4.1 	 -21.9 	 -21.9 	 292.6
9	Mirfak		309.0 	 253.7 	 115.3 	 +49.8 	 +13.0 	 +13.0 	 323.3
10	Aldebaran	291.1 	 235.8 	  97.4 	 +16.5 	  +4.0 	  +3.8 	 287.6
11	Rigel		281.4 	 226.1 	  87.7 	  -8.2 	  -2.5 	  -3.0 	 262.0
12	Capella		280.9 	 225.6 	  87.2 	 +46.0 	 +26.7 	 +26.7 	 309.1
13	Bellatrix	278.8 	 223.4 	  85.1 	  +6.3 	  +7.8 	  +7.7 	 272.3
14	Elnath		278.5 	 223.2 	  84.8 	 +28.6 	 +20.2 	 +20.2 	 291.3
15	Alnilam		276.0 	 220.7 	  82.3 	  -1.2 	  +5.7 	  +5.5 	 264.5
16	Betelgeuse	271.3 	 215.9 	  77.6 	  +7.4 	 +14.5 	 +14.4 	 268.8
17	Canopus		264.0 	 208.7 	  70.3 	 -52.7 	 -17.5 	 -17.5 	 216.8
18	Sirius		258.8 	 203.4 	  65.1 	 -16.7 	  +9.2 	  +9.1 	 241.6
19	Adhara		255.4 	 200.1 	  61.7 	 -29.0 	  +3.3 	  +3.0 	 230.5
20	Procyon		245.2 	 189.9 	  51.5 	  +5.2 	 +33.8 	 +33.8 	 249.7
21	Pollux		243.7 	 188.4 	  50.0 	 +28.0 	 +47.3 	 +47.3 	 274.1
22	Avior		234.4 	 179.1 	  40.7 	 -59.5 	 -11.2 	 -11.1 	 199.7
23	Suhail		223.0 	 167.7 	  29.3 	 -43.4 	  +6.5 	  +6.4 	 201.0
24	Miaplacidus	221.7 	 166.4 	  28.0 	 -69.7 	 -17.6 	 -17.5 	 189.8
25	Alphard		218.1 	 162.8 	  24.5 	  -8.6 	 +39.9 	 +39.9 	 212.2
26	Regulus		208.0 	 152.6 	  14.3 	 +12.0 	 +62.9 	 +62.9 	 211.9
27	Dubhe		194.1 	 138.8 	   0.4 	 +61.8 	 +64.1 	 +64.1 	 359.5
28	Denebola	182.8 	 127.5 	 349.1 	 +14.6 	 +66.6 	 +66.6 	 152.5
29	Gienah		176.1 	 120.8 	 342.4 	 -17.5 	 +34.1 	 +34.1 	 159.6
30	Acrux		173.4 	 118.1 	 339.7 	 -63.1 	 -10.3 	 -10.3 	 170.8
31	Gacrux		172.2 	 116.9 	 338.6 	 -57.1 	  -4.7 	  -4.7 	 168.5
32	Alioth		166.5 	 111.2 	 332.8 	 +56.0 	 +62.7 	 +62.7 	  33.9
33	Spica		158.7 	 103.4 	 325.0 	 -11.1 	 +32.6 	 +32.6 	 138.2
34	Alkaid		153.1 	  97.8 	 319.4 	 +49.3 	 +57.7 	 +57.7 	  52.5
35	Hadar		149.1 	  93.8 	 315.4 	 -60.4 	 -13.0 	 -12.9 	 159.1
36	Menkent		148.4 	  93.1 	 314.7 	 -36.4 	  +6.6 	  +6.4 	 144.8
37	Arcturus	146.1 	  90.8 	 312.4 	 +19.2 	 +45.2 	 +45.2 	  98.7
38	Rigul Kentaurus	140.1 	  84.8 	 306.4 	 -60.8 	 -16.1 	 -16.1 	 155.9
39	Zubenelgenubi	137.3 	  82.0 	 303.6 	 -16.0 	 +15.7 	 +15.6 	 123.8
40	Kochab		137.3 	  82.0 	 303.6 	 +74.2 	 +43.3 	 +43.3 	  18.2
41	Alphecca	126.4 	  71.0 	 292.7 	 +26.7 	 +32.9 	 +32.8 	  78.8
42	Antares		112.7 	  57.4 	 279.0 	 -26.4 	  -8.5 	  -8.5 	 116.6
43	Atria		107.9 	  52.6 	 274.2 	 -69.0 	 -31.7 	 -31.7 	 155.2
44	Sabik		102.5 	  47.1 	 268.8 	 -15.7 	 -10.2 	 -10.1 	 102.2
45	Shaula		 96.7 	  41.3 	 263.0 	 -37.1 	 -25.7 	 -25.6 	 118.6
46	Rasalhague	 96.3 	  41.0 	 262.6 	 +12.6 	  +1.8 	  +1.5 	  75.5
47	Eltanin		 90.9 	  35.5 	 257.2 	 +51.5 	 +20.3 	 +20.3 	  40.3
48	Kaus Australis	 84.0 	  28.7 	 250.3 	 -34.4 	 -33.8 	 -33.8 	 110.8
49	Vega		 80.8 	  25.5 	 247.1 	 +38.8 	  +7.1 	  +6.9 	  46.3
50	Nunki		 76.2 	  20.9 	 242.5 	 -26.3 	 -36.5 	 -36.5 	  98.4
51	Altair		 62.3 	   7.0 	 228.6 	  +8.9 	 -26.1 	 -26.0 	  55.6
52	Peacock		 53.7 	 358.3 	 220.0 	 -56.7 	 -56.2 	 -56.1 	 140.8
53	Deneb		 49.7 	 354.3 	 216.0 	 +45.3 	  -2.0 	  -2.6 	  24.4
54	Enif		 34.0 	 338.7 	 200.3 	  +9.9 	 -40.5 	 -40.4 	  26.7
55	Al Na'ir	 28.0 	 332.7 	 194.3 	 -47.0 	 -74.6 	 -74.6 	 140.6
56	Fomalhaut	 15.6 	 320.3 	 181.9 	 -29.6 	 -83.6 	 -83.6 	  15.3
57	Markab		 13.9 	 318.5 	 180.2 	 +15.2 	 -39.0 	 -39.0 	   0.2
58	Polaris		323.3 	 267.9 	 129.6 	  +0.8 	 +35.4 	 +35.4 	 359.3
59	Octantis	 43.7 	 348.3 	 210.0 	  +1.0 	 -36.8 	 -36.7 	 179.4
 
 
---------------------------------------------------------------------------------------
 
1	Sun		306.7 	 251.4 	 113.0 	 +19.2 	  -6.5 	  -6.2 	 299.0
 
3	Moon		321.4 	 266.0 	 127.7 	 +13.0 	 -21.7 	 -20.6 	 304.5
 
4	Venus		272.3 	 217.0 	  78.6 	 +27.4 	 +24.3 	 +24.3 	 287.2
 
5	Mars		322.3 	 266.9 	 128.6 	 +14.5 	 -20.1 	 -20.1 	 306.3
 
6	Jupiter		 71.1 	  15.8 	 237.4 	 -22.3 	 -38.8 	 -38.8 	  91.1
 
7	Saturn		355.3 	 300.0 	 161.6 	  -0.3 	 -50.5 	 -50.5 	 330.2
 
---------------------------------------------------------------------------------------
 
Systematic Navigation
Version 5.4 17 October 1997
Copyright (c) Systematic Finance plc 1997
 
Orchard House, Green Lane, Guildford GU1 2LZ, United Kingdom
Telephone: +44 (0)1483 532929
Facsimile: +44 (0)1483 538358
Email: info@system.co.uk
Web: www.system.co.uk/systematic/
 
Printed on 17/11/1997 at 10:13
 
=======================================================================================
